"No.","Exon / Intron","Start","End","Start Phase","End Phase","Length","Sequence"
"","5' upstream sequence","","","","","","                            ..........cttgattgatttatctctgtatataagtatgagaaagaaacagtgactgg                "
"1","ENSE00001487498","69,681,713","69,682,203","-","1","491","                            AAAAGAATTATCACATTGCACAAGGATGGCTCTGAAATGGACTACAGTTCTGCTGATACAACTCAGTTTTTACTTTAGCTCTGGGAGTTGTGGAAAGGTGCTGGTATGGGCCGCAGAATACAGCCTTTGGATGAATATGAAGACAATCCTGAAAGAACTTGTTCAGAGAGGTCATGAGGTGACTGTACTGGCATCTTCAGCTTCCATTCTTTTTGATCCCAACGACTCATCCACTCTTAAACTTGAAGTTTATCCTACATCTTTAACTAAAACTGAATTTGAGAATATCATCATGCAATTGGTTAAGAGATTGTCAGAAATTCAAAAAGATACATTTTGGTTACCTTTTTCACAAGAACAAGAAATCCTGTGGGCAATTAATGACATAATTAGAAACTTCTGTAAAGATGTAGTTTCAAATAAGAAACTTATGAAAAAACTACAAGAGTCAAGATTTGACATCGTTTTTGCAGATGCTTATTTACCCTGTG                                                                 "
" ","Intron 1-2","69,682,204","69,683,746","","","1,543","                            gtgagctgctggctgagctatttaa..........ttcttcttttctttattcctatcag                "
"2","ENSE00001784767","69,683,747","69,683,895","1","0","149","                            GAAGACCCACTACATTATCTGAGACAATGAGGAAAGCTGACATATGGCTTATGCGAAACTCCTGGAATTTTAAATTTCCTCATCCATTCTTACCAAATGTTGATTTTGTTGGAGGACTCCACTGCAAACCTGCCAAACCCCTACCTAAG                                               "
" ","Intron 2-3","69,683,896","69,687,988","","","4,093","                            gtaaacatactttcgttggttttat..........gaaacattttttctttttcccaccg                "
"3","ENSE00001621681","69,687,989","69,688,120","0","0","132","                            GAAATGGAGGAGTTTGTACAGAGCTCTGGAGAAAATGGTGTTGTGGTGTTTTCTCTGGGGTCAATGGTCAGTAACATGACAGAAGAAAGGGCCAACGTAATTGCAACAGCCCTTGCCAAGATCCCACAAAAG                                                                "
" ","Intron 3-4","69,688,121","69,692,127","","","4,007","                            gtaagataaagtgccttactggtgt..........taagatattctctttactgtaacag                "
"4","ENSE00001758437","69,692,128","69,692,215","0","1","88","                            GTTCTTTGGAGATTTGATGGGAATAAACCAGATGCCTTAGGTCTCAATACTCGACTGTACAAGTGGATACCCCAGAATGACCTTCTAG                                                "
" ","Intron 4-5","69,692,216","69,693,046","","","831","                            gtaacactctggtgaacaatactgg..........tttgctaaaattcatccaatcctag                "
"5","ENSE00001702716","69,693,047","69,693,266","1","2","220","                            GTCATCCAAAAACCAGAGCTTTTATAACTCATGGTGGAGCCAATGGCATCTATGAGGCAATCTACCATGGGATCCCTATGGTGGGCATTCCATTGTTTTTTGATCAACCTGATAATATTGCTCACATGAAGGCCAAGGGAGCAGCTGTTAGAGTGGACTTCAACACAATGTCGAGTACAGACCTGCTGAATGCACTGAAGACAGTAATTAATGATCCTTC                                    "
" ","Intron 5-6","69,693,267","69,696,317","","","3,051","                            gtgagtagaacaatatttttcacta..........cggtatctttatttttatccttcag                "
"6","ENSE00001763858","69,696,318","69,696,661","2","-","344","                            ATATAAAGAGAATATTATGAAATTATCAAGAATTCAACATGATCAACCAGTGAAGCCCCTGGATCGAGCAGTCTTCTGGATTGAATTTGTCATGCGCCACAAAGGAGCCAAACATCTTCGAGTTGCAGCCCACAACCTCACCTGGTTCCAGTACCACTCTTTGGATGTGATTGGGTTCCTGCTGGCTTGTGTGGCAACCGTGCTATTTATCATCACAAAGTGTTGTCTGTTTTGTTTCTGGAAGTTTGCTAGAAAAGGAAAGAAGGGAAAAAGGGATTAGTTATATCTGAGATTTGAAGCTGGAAAACCTGATAGATAGGAATACTTCAGTTGATTCCAGCAAT                                "
"","3' downstream sequence","","","","","","                            aaatattgtgatgcaagatttctttcttcctgtgacaaaaaaaaatcctt..........                "
