"No.","Exon / Intron","Start","End","Start Phase","End Phase","Length","Sequence"
"","5' upstream sequence","","","","","","                            ..........taagaggaactttaaaaatgatgtgtgagagctttatctacaatcagacg                "
"1","ENSE00003682908","69,817,079","69,816,764","-","-","316","                            CTTATGAAGAAGCTACAGGAAACCAACTACGATGTAATGCTTATAGACCCTGTGATTCCCTGTGGAGACCTGATGGCTGAGTTGCTTGCAGTCCCTTTTGTGCTCACACTTAGAATTTCTGTAGGAGGCAATATGGAGCGAAGCTGTGGGAAACTTCCAGCTCCACTTTCCTATGTACCTGTGCCTATGACAGGACTAACAGACAGAATGACCTTTCTGGAAAGAGTAAAAAATTCAATGCTTTCAGTTTTGTTCCACTTCTGGATTCAGGATTACGACTATCATTTTTGGGAAGAGTTTTATAGTAAGGCATTAG                                                            "
" ","Intron 1-2","69,816,763","69,811,173","","","5,591","                            gtaagacacttttgttttattttta..........tcattctgttatttcttttattgag                "
"2","ENSE00003680301","69,811,172","69,811,024","-","-","149","                            GAAGGCCCACTACATTATGTGAGACTGTGGGAAAAGCTGAGATATGGCTAATACGAACATATTGGGATTTTGAATTTCCTCAACCATACCAACCTAACTTTGAGTTTGTTGGAGGATTGCACTGTAAACCTGCCAAAGCTTTGCCTAAG                                               "
" ","Intron 2-3","69,811,023","69,809,097","","","1,927","                            gtaggactattgtattaaggaatat..........ttattaatatcactttacttaccag                "
"3","ENSE00003532309","69,809,096","69,809,000","-","-","97","                            GAAAGTTATACCAGAAAACCAAGCTCTCTTAAGCCATGGCATCTGTATCTAAAATAGAAATACAGAAGGAGAGCTGACAATTTCCATCATTCTCTAG                                       "
" ","Intron 3-4","69,808,999","69,798,478","","","10,522","                            gtaatctcccatgccattctaccct..........aatgcagataaatttttatcttcag                "
"4","ENSE00003543041","69,798,477","69,798,346","-","0","132","                            GAAATGGAAAATTTTGTCCAGAGTTCAGGGGAAGATGGTATTGTGGTGTTTTCTCTGGGGTCACTGTTTCAAAATGTTACAGAAGAAAAGGCTAATATCATTGCTTCAGCCCTTGCCCAGATCCCACAGAAG                                                                "
" ","Intron 4-5","69,798,345","69,796,961","","","1,385","                            gtcagtaaaacctccaatcctgata..........tgaaatacatgtgtttcttccgtag                "
"5","ENSE00003535113","69,796,960","69,796,873","0","1","88","                            GTGTTATGGAGGTACAAAGGAAAAAAACCATCCACATTAGGAGCCAATACTCGGCTGTATGATTGGATACCCCAGAATGATCTTCTTG                                                "
" ","Intron 5-6","69,796,872","69,796,484","","","389","                            gtaggtctatgagaaagtaaaaata..........atttctcatccaatttacatactag                "
"6","ENSE00003636431","69,796,483","69,796,264","1","2","220","                            GTCATCCCAAAACCAAAGCTTTTATCACTCATGGTGGAATGAATGGGATCTATGAAGCTATTTACCATGGGGTCCCTATGGTGGGAGTTCCCATATTTGGTGATCAGCTTGATAACATAGCTCACATGAAGGCCAAAGGAGCAGCTGTAGAAATAAACTTCAAAACTATGACAAGCGAAGATTTACTGAGGGCTTTGAGAACAGTCATTACCGATTCCTC                                    "
" ","Intron 6-7","69,796,263","69,795,811","","","453","                            gtaagtactactgcttgtacagact..........ttctatgtgtgtttttcccttccag                "
"7","ENSE00002214170","69,795,810","69,795,175","2","-","636","                            TTATAAAGAGAATGCTATGAGATTATCAAGAATTCACCATGATCAACCTGTAAAGCCCCTAGATCGAGCAGTCTTCTGGATCGAGTTTGTCATGCGCCACAAAGGAGCCAAGCACCTGCGATCAGCTGCCCATGACCTCACCTGGTTCCAGCACTACTCTATAGATGTGATTGGGTTCCTGCTGGCCTGTGTGGCAACTGCTATATTCTTGTTCACAAAATGTTTTTTATTTTCCTGTCAAAAATTTAATAAAACTAGAAAGATAGAAAAGAGGGAATAGATCTTTCCAAATTCAAGAAAGACCTGATGGGGTAATCCTGTTAATTCCAGCCACATAGAATTTGGTGAAAACCTTGCTATTTTCATATTATCTATTCTGTTATTTTATCTTAGCTATATAGCCTAGAATTCCACGATCATGAGGTTGTGAGTATATCTCATTCTTTCGTTGTATTTTCCTAGGTGTCTTTACTCTCTTCTCTCACTTTGTGACACAAGGACATGAATACATCTAAATTTTCCTATTTCTGATATGACTGTTTTGATGATGTCATTACTTCTATAACCTTAAGTGATAGGGTGACATGCAATATGATTATTCCTGGTGTGCGCCCAAACACATGGATATAAAGAGGT                                        "
"","3' downstream sequence","","","","","","                            aaaaaacttaaaattcacaaaattcagtaaaccacacaaatcaggtaagt..........                "
