"No.","Exon / Intron","Start","End","Start Phase","End Phase","Length","Sequence"
"","5' upstream sequence","","","","","","                            ..........ttaagatcatattactcattatattatgcttatccacctaggatttattt                "
"1","ENSE00002029804","70,518,965","70,518,906","-","-","60","                            ACATTCGGCTTCTTCCTAATGTCAAATGAGTGCTGTTAAAGTTCCTCCAGGAAACTTCAG                "
" ","Intron 1-2","70,518,905","70,513,417","","","5,489","                            gtaagaaactagaaaacttcatgat..........tgtctttcctttttttctttaaaag                "
"2","ENSE00003671279","70,513,416","70,512,648","-","1","769","                            CAGAGAAAAACATTTGCTTCACATCTCATCAAATCTTCTGCATCAAGCCACATCATGTTAAACAACCTTCTGCTGTTCTCCCTTCAGATAAGTCTCATAGGAACCACTCTTGGTGGGAATGTTTTGATTTGGCCAATGGAAGGTAGTCATTGGCTAAATGTTAAGATAATTATAGATGAGCTCATTAAAAAGGAGCATAATGTGACTGTCCTAGTTGCCTCTGGTGCACTTTTCATCACACCAACCTCTAACCCATCTCTGACATTTGAAATATATAGGGTGCCCTTTGGCAAAGAAAGAATAGAAGGAGTAATTAAGGACTTCGTTTTGACATGGCTGGAAAATAGACCATCTCCTTCAACCATTTGGAGATTCTATCAGGAGATGGCCAAAGTAATCAAGGACTTCCACATGGTGTCTCAGGAGATCTGTGATGGCGTTCTTAAAAACCAACAGCTGATGGCAAAGCTAAAGAAAAGCAAGTTTGAAGTCCTGGTGTCTGATCCAGTATTTCCTTGTGGCGATATAGTAGCTTTAAAACTTGGAATTCCATTTATGTACTCCTTGAGGTTTTCTCCAGCCTCAACAGTGGAAAAGCACTGTGGGAAGGTACCATACCCTCCTTCCTATGTTCCTGCTGTTTTATCAGAACTCACCGACCAAATGTCTTTCACTGACAGAATAAGAAATTTCATCTCCTACCACCTACAGGACTACATGTTTGAAACTCTTTGGAAATCATGGGATTCATACTATAGTAAAGCTTTAG                           "
" ","Intron 2-3","70,512,647","70,501,541","","","11,107","                            gtatgtaacaaattttgtttttatt..........tttttttttttttttttttggtgag                "
"3","ENSE00002052441","70,501,540","70,501,409","1","1","132","                            GTGGACTCTTACTCTGTTGCCCAGGCTGGAGTGCAGTGGCGGATCTTGGCTCACTGCAACCTCTGCTTCCCGGGTTCAAGCGATTCTCCCGCCTCAGCCTCCATTGTAGTTGGGATTACAGGCTGCCAGCAG                                                                "
" ","Intron 3-4","70,501,408","70,465,113","","","36,296","                            gtcaggctaatttttgtatttttaa..........atccaacttgttacattttctccag                "
"4","ENSE00003484862","70,465,112","70,464,964","1","0","149","                            GAAGACCCACTACGTTATGTGAGACTATGGGGAAAGCTGAAATTTGGTTAATCCGAACATATTGGGATTTTGAATTTCCTCGTCCATACTTACCTAATTTTGAGTTTGTTGGAGGATTGCACTGCAAACCTGCCAAACCTTTACCTAAG                                               "
" ","Intron 4-5","70,464,963","70,460,968","","","3,996","                            gtaggtctacaacagtggaggattt..........aaaattaaagcaccattttccacag                "
"5","ENSE00003683319","70,460,967","70,460,880","0","1","88","                            GTTTTATGGAGATACAAAGGAAAGAAACCAGCCACATTAGGAAACAATACTCAGCTCTTTGATTGGATACCCCAGAATGATCTTCTTG                                                "
" ","Intron 5-6","70,460,879","70,460,415","","","465","                            gtaagactgtggggaaagaaaagct..........acttctcactccatcctcaaattag                "
"6","ENSE00003648521","70,460,414","70,460,195","1","2","220","                            GACATCCCAAAACCAAAGCTTTTATCACTCATGGTGGAACTAATGGGATCTACGAAGCTATTTACCACGGAGTCCCTATGGTGGGAGTTCCCATGTTTGCTGATCAGCCTGATAACATTGCTCACATGAAGGCCAAAGGAGCAGCTGTGGAAGTGAACCTAAACACAATGACAAGTGTGGATTTGCTTAGCGCTTTGAGAACAGTCATTAATGAACCTTC                                    "
" ","Intron 6-7","70,460,194","70,455,370","","","4,825","                            gtaagtactaaggctcctaaaaact..........ttctgcctatttatttgtcttctag                "
"7","ENSE00002087616","70,455,369","70,455,090","2","-","280","                            TTATAAAGAGAATGCTATGAGGTTATCAAGAATTCACCATGATCAACCTGTAAAGCCCCTGGATCGAGCAGTCTTCTGGATCGAGTTTGTCATGCGCCACAAAGGAGCCAAGCACCTTCGGGTTGCAGCCCATGACCTCACCTGGTTCCAGTACCACTCTTTGGATGTAATTGGGTTCTTGCTGGTCTGTGTGACAACGGCTATATTTTTGGTCATACAATGTTGTTTGTTTTCCTGTCAAAAATTTGGTAAGATAGGAAAGAAGAAAAAAAGAGAATAG                                    "
"","3' downstream sequence","","","","","","                            gtcaagaaaaagaggaaatatatatatttttaagtttggcaaaatcctga..........                "
