"No.","Exon / Intron","Start","End","Start Phase","End Phase","Length","Sequence"
"","5' upstream sequence","","","","","","                            ..........cagtggcgcaatctcagctcactctaagctccgcctcccgggttcacgcc                "
"1","ENSE00003642922","70,391,732","70,391,405","-","1","328","                            ATTCTCCTGCCTCAGACTCCGGAGTAGCTGGGACTACAGGCGCCGGCCACCAAGCCTGGCTAATTTTTTGTATTTTTAGTAGAGATGGGGTTTCACCGTGTTAGCCAGGATGGTCTGGATCTCCTGACCTCTTGATCCACCCGCCTTGGCCTCCCAAAGTGCTGGGATTAACGGTGTGAGCCACCTCGCCCAGCCTGGAGCCCTTTCTTTAATATAAACATAAATGTTAGTCAACTTGTTTAAATATAAACATGTGAGCTGCTTGAGCACAGGGACTACATCATAATGTTTTTTGCTCTCTTACATGTCTCATCAACGAATGGATTAG                                                "
" ","Intron 1-2","70,391,404","70,361,129","","","30,276","                            gtaagtgctataaattgtgcattga..........tcaagatttgatgttgttcttgcag                "
"2","ENSE00003488303","70,361,128","70,360,859","1","1","270","                            ATGCTGTTTTCCCCTTTGGTGAGCTGCTGGCCGAGTTACTTAAAATACCCTTTGTCTACAGCCTCCGCTTCTCTCCTGGCTACGCAATTGAAAAGCATAGTGGAGGACTTCTGTTCCCTCCTTCCTATGTGCCTGTTGTTATGTCAGAACTAAGTGACCAAATGACTTTCATAGAGAGGGTAAAAAATATGATCTATGTGCTTTATTTTGAATTTTGGTTCCAAATATTTGACATGAAGAAGTGGGATCAGTTCTACAGTGAAGTTCTAG                                              "
" ","Intron 2-3","70,360,858","70,359,560","","","1,299","                            gtaagtaacttttttgattggtaac..........cttttctttttttttcccccatcag                "
"3","ENSE00003493173","70,359,559","70,359,411","1","0","149","                            GAAGACCCACTACGTTATCTGAGACAATGGCAAAAGCTGACATATGGCTTATTCGAAACTACTGGGATTTTCAATTTCCTCACCCACTCTTACCAAATGTTGAGTTCGTTGGAGGACTCCACTGCAAACCTGCCAAACCCCTACCGAAG                                               "
" ","Intron 3-4","70,359,410","70,355,289","","","4,122","                            gtaaactattactgtttgttttgtc..........tagaacaaattcttttttttcacag                "
"4","ENSE00003682934","70,355,288","70,355,157","0","0","132","                            GAAATGGAAGAGTTTGTCCAGAGCTCTGGAGAAAATGGTGTTGTGGTGTTTTCTCTGGGGTCGATGGTCAGTAACACATCAGAAGAAAGGGCCAATGTAATTGCATCAGCCCTTGCCAAGATCCCACAAAAG                                                                "
" ","Intron 4-5","70,355,156","70,352,415","","","2,742","                            gtaagataaaatgttttaatggtgt..........taagatattttcttcactgtaacag                "
"5","ENSE00003626115","70,352,414","70,352,327","0","1","88","                            GTTCTGTGGAGATTTGATGGGAATAAACCAGATACTTTAGGACTCAATACTCGGCTGTACAAGTGGATACCCCAGAATGATCTTCTTG                                                "
" ","Intron 5-6","70,352,326","70,351,146","","","1,181","                            gtaagtctctgaagaacaaatactg..........tttgctaaaattcatccaatcctag                "
"6","ENSE00003666299","70,351,145","70,350,926","1","2","220","                            GTCACCCAAAAACCAGAGCTTTTATAACTCATGGTGGAGCCAATGGCATCTATGAGGCAATCTACCATGGAATCCCTATGGTGGGCGTTCCATTGTTTGCAGATCAACCTGATAACATTGCACACATGAAGGCCAAGGGAGCAGCTGTTAGTTTGGACTTCCACACAATGTCGAGTACAGACTTACTCAATGCACTGAAGACAGTAATTAATGATCCTTT                                    "
" ","Intron 6-7","70,350,925","70,346,629","","","4,297","                            gtgagtataactttttttttactcg..........tgatacttttctgcttatcgtttag                "
"7","ENSE00002209985","70,346,628","70,345,884","2","-","745","                            ATATAAAGAGAATGCTATGAAATTATCAAGAATTCATCATGATCAACCAGTGAAGCCCCTTGATCGAGCAGTCTTCTGGATTGAATTTGTCATGCGCCATAAAGGAGCCAAGCACCTTCGGGTTGCAGCCCACGACCTCACCTGGTTCCAGTACCACTCTTTGGATGTGACTGGGTTCCTGCTGGCCTGTGTGGCAACTGTGATATTCATCATCACAAAATGTCTGTTTTGTGTCTGGAAGTTTGTTAGAACAGGAAAGAAGGGGAAAAGAGATTAATTACGTCTGAGGCTGGAAGCTGGGAAACCCAATAAATGAACTCCTTTAGTTTATTACAACAAGAAGACGTTGTGATACAAGAGATTCCTTTCTTCTTGTGACAAAACATCTTTCAAAACTTACCTTGTCAAGTCAAAATTTGTTTTAGTACCTGTTTAACCATTAGAAATATTTCATGTCAAGGAGGAAAACATTAGGGAAAACAAAAATGATATAAAGCCATATGAGGTTATATTGAAATGTATTGAGCTTATATTGAAATTTATTGTTCCAATTCACAGGTTACATGAAAAAAAATTTACTAAGCTTAACTACATGTCACACATTGTACATGGAAACAAGAACATTAAGAAGTCCACTGACAGTATCAGTACTGTTTTGCAAATACTCAGCATACTTTGGATCCATTTCATGCAGGATTGTGTTGTTTTAACTGTTGTTGAGGAAGCTAATAAATAATTAAATTGT                                                   "
"","3' downstream sequence","","","","","","                            atagaaagtctcttcctcttgatattttgagatgattagtgctgcttggc..........                "
