"No.","Exon / Intron","Start","End","Start Phase","End Phase","Length","Sequence"
"","5' upstream sequence","","","","","","                            ..........tttgtctgcggctcctcctgttacatttcttggctccctgaccgggaagc                "
"1","ENSE00002026019","69,917,081","69,917,320","-","-","240","                            AACGTGACTGACAGACAGCTGAGGCAGCCCCTTAGGCAACTTAAGCCTGCCTTGTGGAGTGCCCCTGTGGGGGACTCCAGCCAGCCTGAGTGACATGATCCAAAGAGCCCTCCTGGGTAGGAAATTGCCCCGGTGGAATCCCTCACCAGAGAAGCAGGTAGCAGGCCCTCGCAGAGGATTAACACAGTGGCTGAACACCAGGAAGGAACTGGCACTTGGAGTCCAGACATCTAAAATTTG                "
" ","Intron 1-2","69,917,321","69,955,189","","","37,869","                            gtaagactagtctttggaacttgcc..........gatgcagaaattattttctttgtag                "
"2","ENSE00002062300","69,955,190","69,955,321","-","-","132","                            GAAATGAAAGCATTTGTCCAGATCTCTGGCAAAGATGGCACTGTGGTGTTTTCTCTGGGGCCAGTTGTGCAAAACCTTATAGAAGAGAAGGCTGATCTCATTGCTTCAGACTTGGCCCAGATTCCACAGAAG                                                                "
" ","Intron 2-3","69,955,322","69,964,257","","","8,936","                            gtgagtacaacgtccaatccttata..........ccttttttttttctattcctgtcag                "
"3","ENSE00003461186","69,964,258","69,964,406","-","0","149","                            GAAGACCCACTACATTATCTGAGACAATGGGGAAAGCTGACGTATGGCTTATTCGAAACTCCTGGAATTTTCAGTTTCCATATCCACTCTTACCAAATGTTGATTTTGTTGGAGGACTCCACTGCAAACCTGCCAAACCCCTGCCTAAG                                               "
" ","Intron 3-4","69,964,407","69,968,524","","","4,118","                            gtaaacatacttttgttggttttat..........gatgaagcaaattctttcttcacag                "
"4","ENSE00003510030","69,968,525","69,968,656","0","0","132","                            GAAATGGAAGACTTTGTACAGAGCTCTGGAGAAAATGGTGTTGTGGTGTTTTCTCTGGGGTCAATGGTCAGTAACATGACAGAAGAAAGGGCCAACGTAATTGCATCAGCCCTGGCCCAGATCCCACAAAAG                                                                "
" ","Intron 4-5","69,968,657","69,972,892","","","4,236","                            gtaagatgaagtgccttactggtgt..........taaaatattttctttattgtaacag                "
"5","ENSE00003571025","69,972,893","69,972,980","0","1","88","                            GTTCTGTGGAGATTTGATGGGAATAAACCAGATACCTTAGGTCTCAATACTCGGCTCTACAAGTGGATACCCCAGAATGACCTTCTAG                                                "
" ","Intron 5-6","69,972,981","69,973,820","","","840","                            gtaagactctggtgaacaaatactg..........tttgctaaaattcatccaatcctag                "
"6","ENSE00002040919","69,973,821","69,973,945","1","-","125","                            GTCATCCAAAGACCAGAGCTTTTATAACTCATGGTGGAGCCAATGGCATCTACGAGGCAATCTACCATGGGATCCCTATGGTGGGGATTCCATTGTTTGCCGATCAACCTGATAACATTGCTCAC                                                                       "
"","3' downstream sequence","","","","","","                            atgaaggccaggggagcagctgttagagtggacttcaacacaatgtcgag..........                "
