"No.","Exon / Intron","Start","End","Start Phase","End Phase","Length","Sequence"
"","5' upstream sequence","","","","","","                            ..........aggtaccacctctcactgggacagcctagtttctacacaggtcttgctct                "
"1","ENSE00001460538","234,600,253","234,600,466","-","-","214","                            GGGACCGCCCTCAGCAGTGTGGTTAGCAGGCAGGGCCAGTGTGACCCTCCCTTTCTGGGCCTCAGTTGAGAAACCTGAAGCTCAGGAGAGGAGTCACTCCCCTGGCAGATGGGTGGCTGGGCCAGAAGCAGATACCAGGCTTTCTGACTCCTGCTCTAGGATTCTCACCACGTACTGGCTAGACTTATACTTCTCAAATCTTAATTTCCTAAAG                                          "
" ","Intron 1-2","234,600,467","234,602,444","","","1,978","                            gcaagtaacagtttgaatgttgtta..........atgactttgtgcttgaatatcctag                "
"2","ENSE00003490178","234,602,445","234,602,511","-","0","67","                            GCCGGTCATGCCCAACATGGTCTTCATTGGAGGTATCAACTGTAAGAAGAGGAAAGACTTGTCTCAG                                                                     "
" ","Intron 2-3","234,602,512","234,675,679","","","73,168","                            gttggtgggtttatttcttttggac..........ctgaaaatttttcttctggctctag                "
"3","ENSE00003540512","234,675,680","234,675,811","0","0","132","                            GAATTTGAAGCCTACATTAATGCTTCTGGAGAACATGGAATTGTGGTTTTCTCTTTGGGATCAATGGTCTCAGAAATTCCAGAGAAGAAAGCTATGGCAATTGCTGATGCTTTGGGCAAAATCCCTCAGACA                                                                "
" ","Intron 3-4","234,675,812","234,676,494","","","683","                            gtaagaagattctataccatggcct..........gttctgctctttttgcccctcccag                "
"4","ENSE00003520476","234,676,495","234,676,582","0","1","88","                            GTCCTGTGGCGGTACACTGGAACCCGACCATCGAATCTTGCGAACAACACGATACTTGTTAAGTGGCTACCCCAAAACGATCTGCTTG                                                "
" ","Intron 4-5","234,676,583","234,676,865","","","283","                            gtatgttgggcggattggatgtata..........acatcctccctattttgcatctcag                "
"5","ENSE00003534361","234,676,866","234,677,085","1","2","220","                            GTCACCCGATGACCCGTGCCTTTATCACCCATGCTGGTTCCCATGGTGTTTATGAAAGCATATGCAATGGCGTTCCCATGGTGATGATGCCCTTGTTTGGTGATCAGATGGACAATGCAAAGCGCATGGAGACTAAGGGAGCTGGAGTGACCCTGAATGTTCTGGAAATGACTTCTGAAGATTTAGAAAATGCTCTAAAAGCAGTCATCAATGACAAAAG                                    "
" ","Intron 5-6","234,677,086","234,680,907","","","3,822","                            gtaagaaagaagatacagaagaata..........ataacgaaactgtctttgtgtttag                "
"6","ENSE00001460534","234,680,908","234,681,314","2","-","407","                            TTACAAGGAGAACATCATGCGCCTCTCCAGCCTTCACAAGGACCGCCCGGTGGAGCCGCTGGACCTGGCCGTGTTCTGGGTGGAGTTTGTGATGAGGCACAAGGGCGCGCCACACCTGCGCCCCGCAGCCCACGACCTCACCTGGTACCAGTACCATTCCTTGGACGTGATTGGTTTCCTCTTGGCCGTCGTGCTGACAGTGGCCTTCATCACCTTTAAATGTTGTGCTTATGGCTACCGGAAATGCTTGGGGAAAAAAGGGCGAGTTAAGAAAGCCCACAAATCCAAGACCCATTGAGAAGTGGGTGGGAAATAAGGTAAAATTTTGAACCATTCCCTAGTCATTTCCAAACTTGAAAACAGAATCAGTGTTAAATTCATTTTATTCTTATTAAGGAAATACTTTG                             "
"","3' downstream sequence","","","","","","                            cataaattaatcagccccagagtgctttaaaaaattctcttaaataaaaa..........                "
