"No.","Exon / Intron","Start","End","Start Phase","End Phase","Length","Sequence"
"","5' upstream sequence","","","","","","                            ..........ttgttaatttgttggagccctatctattttattgtctgttttcaaagtat                "
"1","ENSE00001551606","234,602,338","234,602,511","-","0","174","                            GAAGAACTCGCATCAGCTGTCCTCAAGAGAGATGTGGATATAATCACCTTATATCAGAAGGTCTCTGTTTGGCTGTTAAGATATGACTTTGTGCTTGAATATCCTAGGCCGGTCATGCCCAACATGGTCTTCATTGGAGGTATCAACTGTAAGAAGAGGAAAGACTTGTCTCAG                      "
" ","Intron 1-2","234,602,512","234,675,679","","","73,168","                            gttggtgggtttatttcttttggac..........ctgaaaatttttcttctggctctag                "
"2","ENSE00003540512","234,675,680","234,675,811","0","0","132","                            GAATTTGAAGCCTACATTAATGCTTCTGGAGAACATGGAATTGTGGTTTTCTCTTTGGGATCAATGGTCTCAGAAATTCCAGAGAAGAAAGCTATGGCAATTGCTGATGCTTTGGGCAAAATCCCTCAGACA                                                                "
" ","Intron 2-3","234,675,812","234,676,494","","","683","                            gtaagaagattctataccatggcct..........gttctgctctttttgcccctcccag                "
"3","ENSE00003520476","234,676,495","234,676,582","0","1","88","                            GTCCTGTGGCGGTACACTGGAACCCGACCATCGAATCTTGCGAACAACACGATACTTGTTAAGTGGCTACCCCAAAACGATCTGCTTG                                                "
" ","Intron 3-4","234,676,583","234,676,865","","","283","                            gtatgttgggcggattggatgtata..........acatcctccctattttgcatctcag                "
"4","ENSE00003534361","234,676,866","234,677,085","1","2","220","                            GTCACCCGATGACCCGTGCCTTTATCACCCATGCTGGTTCCCATGGTGTTTATGAAAGCATATGCAATGGCGTTCCCATGGTGATGATGCCCTTGTTTGGTGATCAGATGGACAATGCAAAGCGCATGGAGACTAAGGGAGCTGGAGTGACCCTGAATGTTCTGGAAATGACTTCTGAAGATTTAGAAAATGCTCTAAAAGCAGTCATCAATGACAAAAG                                    "
" ","Intron 4-5","234,677,086","234,678,176","","","1,091","                            gtaagaaagaagatacagaagaata..........tttctcccatggttacctcctttag                "
"5","ENSE00001558690","234,678,177","234,678,347","2","-","171","                            AAAGAAGCAGCAGTCAGGAAGACAGATGTGAAGAGCTGGAGCATGTTCAGATGAGAGGAGACGGAACACGGGGACACACCAGCTTGAGCAAGGGACAACAGGGGAGGACTGATGACTGACTTCCCACCTTTGAGGTGCTAATGTGTGTGTGGTGGCACTGGATAAAAGATC                         "
"","3' downstream sequence","","","","","","                            aatgttggctaggcaccatggcacacgcctgtagtcccagccactctgga..........                "
